1  1
30  30
30  30
1  1
0  0
1  1
0  0
0  0
0  0
0  0
0  0
0  0
0  0
3  3
0  0
0  0
0  0
0  0
0  0
2  2
30  30
30  30
2  2
0  0
1  1
0  0
0  0
0  0
0  0
0  0
0  0
0  0
3  3
0  0
0  0
0  0
0  0
0  0
3  3
30  30
30  30
3  3
0  0
1  1
0  0
0  0
0  0
0  0
0  0
0  0
0  0
3  3
0  0
0  0
0  0
0  0
0  0
4  4
30  30
30  30
4  4
0  0
1  1
0  0
0  0
0  0
0  0
0  0
0  0
0  0
3  3
0  0
0  0
0  0
0  0
0  0
5  5
30  30
30  30
5  5
0  0
1  1
0  0
0  0
0  0
0  0
0  0
0  0
0  0
3  3
0  0
0  0
0  0
0  0
0  0
6  6
30  30
30  30
6  6
0  0
1  1
0  0
0  0
0  0
0  0
0  0
0  0
0  0
3  3
0  0
0  0
0  0
0  0
0  0
7  7
30  30
30  30
7  7
0  0
1  1
0  0
0  0
0  0
0  0
0  0
0  0
0  0
3  3
0  0
0  0
0  0
0  0
0  0
8  8
30  30
30  30
8  8
0  0
1  1
0  0
0  0
0  0
0  0
0  0
0  0
0  0
3  3
0  0
0  0
0  0
0  0
0  0
9  9
30  30
30  30
9  9
0  0
1  1
0  0
0  0
0  0
0  0
0  0
0  0
0  0
3  3
0  0
0  0
0  0
0  0
0  0
10  10
30  30
30  30
10  10
0  0
1  1
0  0
0  0
0  0
0  0
0  0
0  0
0  0
3  3
0  0
0  0
0  0
0  0
0  0
1  1
30  30
30  30
1  1
0  0
1  1
0  0
0  0
0  0
0  0
0  0
0  0
0  0
3  3
0  0
0  0
0  0
0  0
0  0
2  2
30  30
30  30
2  2
0  0
1  1
0  0
0  0
0  0
0  0
0  0
0  0
0  0
3  3
0  0
0  0
0  0
0  0
0  0
3  3
30  30
30  30
3  3
0  0
1  1
0  0
0  0
0  0
0  0
0  0
0  0
0  0
3  3
0  0
0  0
0  0
0  0
0  0
4  4
30  30
30  30
4  4
0  0
1  1
0  0
0  0
0  0
0  0
0  0
0  0
0  0
3  3
0  0
0  0
0  0
0  0
0  0
5  5
30  30
30  30
5  5
0  0
1  1
0  0
0  0
0  0
0  0
0  0
0  0
0  0
3  3
0  0
0  0
0  0
0  0
0  0
6  6
30  30
30  30
6  6
0  0
1  1
0  0
0  0
0  0
0  0
0  0
0  0
0  0
3  3
0  0
0  0
0  0
0  0
0  0
7  7
30  30
30  30
7  7
0  0
1  1
0  0
0  0
0  0
0  0
0  0
0  0
0  0
3  3
0  0
0  0
0  0
0  0
0  0
8  8
30  30
30  30
8  8
0  0
1  1
0  0
0  0
0  0
0  0
0  0
0  0
0  0
3  3
0  0
0  0
0  0
0  0
0  0
9  9
30  30
30  30
9  9
0  0
1  1
0  0
0  0
0  0
0  0
0  0
0  0
0  0
3  3
0  0
0  0
0  0
0  0
0  0
10  10
30  30
30  30
10  10
0  0
1  1
0  0
0  0
0  0
0  0
0  0
0  0
0  0
3  3
0  0
0  0
0  0
0  0
0  0
